4,5
4,4
4,3
4,2
4,1
4,0
3,5
3,4
3,3
3,2
3,1
3,0
2,4
4294967278,284
2,3
2,2
2,1
2,0
4294967278,283
4294967294,909
4294967278,282
4294967293,131
4294967293,130
4294967293,129
4294967293,128
4294967293,127
4294967293,126
4294967293,125
4294967293,124
4294967293,123
4294967293,122
4294967293,121
4294967293,120
4294967293,119
4294967293,118
4294967293,117
4294967293,116
4294967293,115
4294967293,114
4294967293,113
4294967293,112
4294967293,111
4294967293,110
4294967293,109
4294967293,108
4294967293,107
4294967293,106
4294967293,105
4294967293,104
4294967293,103
4294967293,102
4294967293,101
4294967293,100
4294967293,99
4294967293,98
4294967293,97
4294967293,96
4294967293,95
4294967293,94
4294967293,93
4294967293,92
4294967293,91
4294967293,90
4294967293,89
4294967293,88
4294967293,87
4294967293,86
4294967293,85
4294967293,84
4294967293,83
4294967293,82
4294967293,81
4294967293,80
4294967293,79
4294967293,78
4294967293,77
4294967293,76
4294967293,75
4294967293,74
4294967293,73
4294967293,72
4294967293,71
4294967293,70
4294967293,69
4294967293,68
4294967293,67
4294967293,66
4294967293,65
4294967293,64
4294967293,63
4294967293,62
4294967293,61
4294967293,60
4294967293,59
4294967293,58
4294967293,57
4294967293,56
4294967293,55
4294967293,54
4294967293,53
4294967293,52
4294967293,51
4294967293,50
4294967293,49
4294967293,48
4294967293,47
4294967293,46
4294967293,45
4294967293,44
4294967293,43
4294967293,42
4294967293,41
4294967293,40
4294967293,39
4294967293,38
4294967293,37
4294967293,36
4294967293,35
4294967293,34
4294967293,33
4294967293,32
4294967293,31
4294967293,30
4294967293,29
4294967293,28
4294967293,27
4294967293,26
4294967293,25
4294967293,24
4294967293,23
4294967293,22
4294967293,21
4294967293,20
4294967293,19
4294967293,18
4294967293,17
4294967293,16
4294967293,15
4294967293,14
4294967293,13
4294967293,12
4294967293,11
4294967293,10
4294967293,9
4294967293,8
4294967293,7
4294967293,6
4294967293,5
4294967293,4
4294967293,3
4294967293,2
4294501266,0
4294501265,0
4294501264,0
4294501263,0
4294501262,0
4294501261,0
4294501260,0
4294501259,0
4294501258,0
4294501257,0
4294967293,0
4294967279,353
4294967279,352
4294967279,479
4294967279,478
4294967279,477
4294967279,476
4294967279,475
4294967279,474
4294967279,473
4294967279,472
4294967279,471
4294967279,470
4294967279,469
4294967279,468
4294967279,467
4294967279,466
4294967279,465
4294967279,464
4294967279,463
4294967279,462
4294967279,461
4294967279,460
4294967279,459
4294967279,458
4294967279,457
4294967279,456
4294967279,455
4294967279,454
4294967279,453
4294967279,452
4294967279,451
4294967279,450
4294967279,449
4294967279,448
4294967279,491
4294967279,490
4294967279,489
4294967279,488
4294967279,487
4294967279,486
4294967279,485
4294967279,484
4294967279,483
4294967279,482
4294967279,481
4294967279,480
4294967279,287
4294967279,286
4294967279,285
4294967279,284
4294967279,283
4294967279,282
4294967279,281
4294967279,280
4294967279,279
4294967279,278
4294967279,277
4294967279,276
4294967279,275
4294967279,274
4294967279,273
4294967279,272
4294967279,270
4294967279,268
4294967279,267
4294967279,265
4294967279,264
4294967279,262
4294967279,261
4294967279,260
4294967279,259
4294967279,258
4294967294,467
4294967294,466
4294967294,465
4294967294,464
4294967294,462
4294967294,458
4294967294,456
4294967294,454
4294967294,452
4294967294,58
4294967294,57
4294967294,46
4294967294,1402
4294967294,1401
4294967294,1400
4294967294,1399
4294967294,1398
4294967294,1397
4294967294,1396
4294967294,1395
4294967294,1394
4294967294,1393
4294967294,1392
4294967294,1391
4294967294,1390
4294967294,1389
4294967294,1388
4294967294,1387
4294967294,1386
4294967294,1385
4294967294,1384
4294967294,1383
4294967294,1382
4294967294,1381
4294967294,1380
4294967294,1379
4294967294,1378
4294967294,1377
4294967294,1376
4294967294,968
4294967294,963
4294967294,521
4294967294,519
4294967294,518
4294967294,513
4294967294,512
4294967294,447
4294967294,446
4294967294,445
4294967294,428
4294967294,424
4294967294,423
4294967294,420
4294967294,419
4294967294,416
4294967294,319
4294967294,318
4294967294,316
4294967294,314
4294967294,313
4294967294,184
4294967294,183
4294967294,1311
4294967294,1310
4294967294,1309
4294967294,1308
4294967294,1307
4294967294,1306
4294967294,1305
4294967294,1304
4294967294,1303
4294967294,1302
4294967294,1301
4294967294,1300
4294967294,1299
4294967294,1298
4294967294,1297
4294967294,1296
4294967294,1295
4294967294,1294
4294967294,1293
4294967294,1292
4294967294,1291
4294967294,1290
4294967294,1289
4294967294,1288
4294967294,1287
4294967294,1286
4294967294,1285
4294967294,1284
4294967294,1283
4294967294,1282
4294967294,1281
4294967294,1280
4294967294,123
4294967294,122
4294967294,103
4294967294,102
4294967294,101
4294967294,100
4294967294,1343
4294967294,1342
4294967294,1341
4294967294,1340
4294967294,1339
4294967294,1338
4294967294,1337
4294967294,1336
4294967294,1335
4294967294,1334
4294967294,1333
4294967294,1332
4294967294,1331
4294967294,1330
4294967294,1329
4294967294,1328
4294967294,1327
4294967294,1326
4294967294,1325
4294967294,1324
4294967294,1323
4294967294,1322
4294967294,1321
4294967294,1320
4294967294,1319
4294967294,1318
4294967294,1317
4294967294,1316
4294967294,1315
4294967294,1314
4294967294,1313
4294967294,1312
4294967294,908
4294967294,903
4294967294,902
4294967294,897
4294967294,896
4294967294,1279
4294967294,1278
4294967294,1277
4294967294,1276
4294967294,1275
4294967294,1274
4294967294,1273
